[vis_1 데이터]
year_month
202503     5118393512917
202504     4925580067301
202505     5215021516646
202506     4926329109792
202507     5367984052081
202508     5279664375489
202509     5229790620883
202510     5319524699872
202511     5363905783443
202512     5334178358013
unknown    4482283065397

[vis_2 데이터]
card_tpbuz_nm_1
소매/유통       22797300914380
음식          10483833488067
생활서비스        9207238714091
의료/건강        7882239589038
학문/교육        2185714142769
미디어/통신       1633845846047
여가/오락        1524849691487
공공/기업/단체      750404812769
공연/전시          97227963186

[vis_3 데이터]
year_month
202503           NaN
202504     -3.767070
202505      5.876292
202506     -5.535786
202507      8.965194
202508     -1.645304
202509     -0.944639
202510      1.715825
202511      0.834305
202512     -0.554212
unknown   -15.970506

[vis_4 데이터]
age
5     15261037883859
6     14635300864614
4     10463819263952
7      8853318110899
3      3919672092836
8      2671541834028
9       625542427912
2       100380212621
10       31744736460
11         284344098
1           13390555

[vis_5 데이터]
sex                 F          M
year_month                      
202503      42.588876  57.411124
202504      42.702772  57.297228
202505      42.696243  57.303757
202506      42.743469  57.256531
202507      42.647057  57.352943
202508      42.405355  57.594645
202509      42.751764  57.248236
202510      42.960541  57.039459
202511      42.931447  57.068553
202512      42.809125  57.190875
unknown     42.745478  57.254522

[vis_6 데이터]
region
수원시        9919491641090
용인시        9316078831157
화성시        7951363909355
안산시        4922146634702
unknown    4482283065397
안양시        4447881348685
시흥시        4196827499795
광명시        3855505734823
하남시        3214418942785
이천시        2260355354118

[vis_7 데이터]
quarter            2025 Q2    2025 Q3    2025 Q4
card_tpbuz_nm_1                                 
소매/유통            32.367487  33.541154  34.091359
음식               32.532829  33.792004  33.675167
생활서비스            31.041280  34.233504  34.725216
의료/건강            31.590142  33.775662  34.634197
학문/교육            33.140675  34.719262  32.140063
미디어/통신           30.528791  34.336340  35.134869
여가/오락            33.729743  34.526750  31.743508
공공/기업/단체         31.993668  32.859380  35.146952
공연/전시            31.709618  28.621446  39.668937

[vis_8 데이터]
age                      3          4          5          6          7
card_tpbuz_nm_1                                                       
생활서비스            14.773404  16.285155  16.765124  19.250133  19.573560
소매/유통            41.276618  43.024990  42.088990  43.754161  45.761803
음식               31.081574  21.491107  19.147048  18.975408  17.429517
의료/건강            11.261732  13.816289  14.080016  14.862849  16.728791
학문/교육             1.606672   5.382460   7.918821   3.157448   0.506329

[vis_9 데이터]
region
광명시   -44834736266
수원시   -21397976870
안산시   -13788330555
화성시   -11919011185
안양시   -11300519431
용인시     9119464974
시흥시     3300141227

[vis_10 데이터]
card_tpbuz_nm_1         생활서비스          소매/유통             음식         의료/건강         학문/교육
year_month                                                                             
202503           824293157937  2066187666565   953509626715  694710503361  206687022967
202504           792077141177  1987756356718   910682941864  705466207557  191390480643
202505           805850060522  2121977335265  1005275943598  701520390974  201427601413
202506           772293604598  2031123503085   927512525667  652358461013  194934196384
202507           881467510709  2160006072499   989109493237  741102355893  216027068189
202508           876135674887  2088916963942  1023274866697  717266660227  203576396475
202509           856366501560  2114605756596   941142951053  743448945026  196145159053
202510           839989447815  2198022883170   995688311372  711271778502  185065154936
202511           881202553200  2184344880218   960267591632  759823247157  187793432486
202512           930323319273  2085547704371   987359460683  786690401330  197147751629
unknown          747239742413  1758811791951   790009775549  668580637998  205519878594

